InternalUnitSystem:
  UnitMass_in_cgs:	1.9884350000e+43
  UnitLength_in_cgs:	3.0856775815e+24
  UnitVelocity_in_cgs:	9.7846194238e+07
  UnitCurrent_in_cgs:	1.0000000000e+00
  UnitTemp_in_cgs:	1.0000000000e+00

Cosmology:
  Omega_m:	0.3122685143
  Omega_b:	0.0491989267
  Omega_lambda:	0.6853646238
  Omega_k:	0.0000000000
  Omega_ur:	0.0000126168
  h:		0.6737000000
  a_begin:	0.0099009901 # z = 100.000000
  a_end:	1.0000000000
  T_CMB:	2.7255000000
  N_nu:		1
  T_nu:		1.9517578050
  M_nu:		0.0486000000

TimeIntegration:
  dt_min:	1.0000e-10
  dt_max:	1.0000e-02
  neutrino_dt_switch_threshold:	 1.00000e+02

Boltzmann:
  field_file_name: gaussian_small.hdf5
  in_perturb_file_name: perturb_100mev_production.hdf5
  l_max: 1000
  k_size: 50
  q_min: 0.01
  q_max: 15
  q_size: 10
  tol: 1e-6

Scheduler:
  max_top_level_cells:	16
  cell_split_size:	100

Snapshots:
  scale_factor_first:	0.0099009901 # z = 100.000000
  delta_time:		1.2500
  basename:		box
  compression:		4

Statistics:
  scale_factor_first:	0.0099009901 # z = 100.000000
  delta_time:		1.2500

Restarts:
  delta_hours:	1.00

InitialConditions:
  file_name:	particles.hdf5
  periodic:	1

Gravity:
  mesh_side_length:	64
  dithering:		0
  MAC:			geometric
  eta:			0.02500
  theta_cr:		0.50000
  rebuild_frequency:	0.00 # rebuild always
  comoving_DM_softening:		0.0800000000 	# 0.0400 of the mean inter-particle separation
  max_physical_DM_softening:		0.0800000000 	# 0.0400 of the mean inter-particle separation
  comoving_nu_softening:		0.0800000000 	# 0.0400 of the mean inter-particle separation
  max_physical_nu_softening:		0.0800000000 	# 0.0400 of the mean inter-particle separation
